/*
Return an array consisting of the largest number from each provided sub-array. For simplicity, the provided array will contain exactly 4 sub-arrays.

Remember, you can iterate through an array with a simple for loop, and access each member with array syntax arr[i].
*/
function largestOfFour(arr) {
  let results = [];

  for (let i = 0; i < arr.length; i++) {
    let longest = 0;
    for (let j = 0; j < arr.length; j++) {
      if (arr[i][j] > longest) {
        longest = arr[i][j];
      }
    }
    results.push(longest);
  }

  return results;
}

largestOfFour([[4, 5, 1, 3], [13, 27, 18, 26], [32, 35, 37, 39], [1000, 1001, 857, 1]]);
largestOfFour([[13, 27, 18, 26], [4, 5, 1, 3], [32, 35, 37, 39], [1000, 1001, 857, 1]]);
largestOfFour([[4, 9, 1, 3], [13, 35, 18, 26], [32, 35, 97, 39], [1000000, 1001, 857, 1]]);
